11632129,4005919 11632041,4006002 / 11632041,4006002 11632164,4006055 # turn right 
11630067,3998232 11630066,3998252 11630064,3998293 11630061,3998358 11630060,3998381 11630061,3998393 / 11630061,3998393 11630066,3998402 11630071,3998409 11630075,3998413 11630079,3998418 11630096,3998426 11630092,3998448 11630088,3998471 11630085,3998489 11630085,3998493 11630082,3998508 11630081,3998514 11630074,3998542 # straight
11630105,3998232 11630091,3998361 11630088,3998402 11630096,3998426 / 11630096,3998426 11630110,3998428 11630166,3998437 11630259,3998455 # turn-right
11636777,4007862 11636820,4007682 11636831,4007636 11636836,4007615 11636839,4007598 11636838,4007587 11636835,4007580 11636831,4007575 11636827,4007571 11636814,4007562 11636803,4007553 / 11636803,4007553 11636782,4007550 11636736,4007539 11636686,4007527 # turn-right    
11631466,3998648 11631568,3998650 11631583,3998650  11631590,3998649 11631593,3998649  11631596,3998646 11631598,3998644  11631601,3998636 11631604,3998607 11631607,3998588 11631614,3998579 11631624,3998569 / 11631629,3998523 11631632,3998501  11631635,3998472  11631641,3998422 # turn right
11629973,4004354 11629952,4004345 11629910,4004325 11629881,4004314 11629785,4004271 11629769,4004257 / 11629769,4004257 11629789,4004261 11629893,4004308 11629973,4004343 11629978,4004345 # uturn
11630392,4005655 11630387,4005654 11630365,4005648 11630337,4005639 11630321,4005636 11630246,4005616 11630209,4005607 11630206,4005606 11630204,4005605 / 11630204,4005605 11630197,4005605 11630191,4005604 11630135,4005590 11630123,4005589 11630098,4005585 11630087,4005584 11630075,4005585 11630062,4005586 11630051,4005589 11630039,4005594 11630029,4005599 11630018,4005607 11630009,4005615 11630001,4005624 11629994,4005633 11629989,4005642 11629987,4005646 11629981,4005659 11629976,4005672 11629969,4005690 11629965,4005702 11629961,4005716 11629959,4005728 11629959,4005742 11629960,4005749 11629962,4005758 11629964,4005765 11629969,4005773 11629980,4005787 11629994,4005798 11630010,4005807 11630052,4005824 11630100,4005832 11630118,4005834 11630135,4005834 11630151,4005834 11630172,4005830 11630191,4005821 11630205,4005813 11630213,4005805 11630220,4005798 11630246,4005762 11630255,4005753 11630275,4005719 11630299,4005674 11630321,4005636 11630326,4005627 11630365,4005561 11630405,4005493 11630482,4005357 11630487,4005348 # ic
11631136,4003461 11631107,4003549 11631103,4003561 / 11631103,4003561 11631112,4003593 11631125,4003613 11631140,4003627 11631168,4003649 11631179,4003653 11631290,4003681 # turn-right-with-lane
11637379,3997507 11637117,3997502 11637034,3997504 / 11637034,3997504 11637023,3997507 11637017,3997509 11637007,3997517  11637005,3997556 11637004,3997605 11637003,3997614 # turn-right-with-lane
11405106,2253256 11405095,2253256 11405027,2253257 11405008,2253258 11405001,2253259 11404996,2253262 11404992,2253264 11404984,2253269 11404982,2253271 11404980,2253273  11404969,2253282 / 11404969,2253282 11404966,2253345 11404963,2253444 # turn-right-with-lane
11628709,4001274 11628704,4001298 11628701,4001324 11628699,4001334 11628697,4001348 11628695,4001359 11628693,4001370 11628691,4001382 11628683,4001442 11628680,4001462 / 11628680,4001462 11628682,4001471 11628685,4001479 11628694,4001491 11628697,4001494 11628699,4001500 11628705,4001507 11628710,4001512 11628714,4001516 11628717,4001520 11628723,4001525 11628726,4001530 11628727,4001532 11628728,4001540 11628712,4001571 11628702,4001594 11628687,4001628 11628655,4001679 11628640,4001700 11628629,4001714
11643817,3989998 11643739,3990028 11643727,3990036 11643715,3990046 11643703,3990057 11643693,3990068 11643688,3990074 11643686,3990077 11643682,3990083 11643679,3990088 11643676,3990093 11643674,3990097 11643673,3990100 11643668,3990111 11643664,3990126 11643663,3990130 11643661,3990138 11643660,3990152 11643660,3990162 11643660,3990167 11643660,3990170 11643663,3990193 11643665,3990204 11643668,3990229 11643670,3990280 11643670,3990285 11643670,3990299 / 11643670,3990299 11643671,3990308 11643672,3990312 11643676,3990314 11643683,3990316 11643696,3990317 11643718,3990317 11643755,3990318 11643782,3990318 11643822,3990319 11643839,3990319 # turn-right
11643670,3990299 11643671,3990308 11643672,3990312 11643676,3990314 11643683,3990316 11643696,3990317 11643718,3990317 11643755,3990318 11643782,3990318 11643822,3990319 11643839,3990319 11643861,3990319 11643869,3990319 11643874,3990321 11643877,3990323 11643880,3990327 11643882,3990330 11643881,3990337 11643880,3990346 / 11643880,3990346 11643850,3990346 11643799,3990345 11643747,3990345  # uturn
11643670,3990299 11643671,3990308 11643672,3990312 11643676,3990314 11643683,3990316 11643696,3990317 11643718,3990317 11643755,3990318 11643782,3990318 11643822,3990319 11643839,3990319 11643861,3990319 11643869,3990319 11643874,3990321 11643877,3990323 11643880,3990327 11643882,3990330 11643881,3990337 11643880,3990346 / 11643880,3990346 11643883,3990482 11643879,3990429 11643879,3990363 11643880,3990346 # turn-left
11647625,3998673 11647705,3998734 11647749,3998767 / 11647745,3998778 11647754,3998772 11647784,3998752 11647867,3998698 # turn-right 
11631820,4005819 11631818,4005822 11631802,4005866 11631795,4005899 11631798,4005910 / 11631798,4005910 11631884,4005937 11631944,4005961 11632041,4006002 # turn-right
11626575,4013716 11626566,4013727 11626526,4013773 11626515,4013794 11626510,4013801 11626505,4013809 11626484,4013838 11626478,4013847 11626453,4013895 11626448,4013906 11626447,4013915 11626451,4013939  / 11626451,4013939 11626354,4014050 11626251,4014170 # ic
11643013,3978074 11643338,3977845 11643363,3977826 11643389,3977810 11643397,3977807 11643412,3977803 11643431,3977798 / 11643437,3977793 11643501,3977741 11643622,3977657 11643671,3977622 # straight
11642646,3978325 11642694,3978294 11642744,3978262 11642746,3978261 11642760,3978252 11642767,3978248 11642860,3978179 11643013,3978074 / 11643057,3978070 11643050,3978105 11643047,3978130 11643048,3978138 11643051,3978144 11643053,3978147 11643059,3978165 11643088,3978287 # turn-left
11622396,4014426 11622500,4014423 11622511,4014423 / 11622511,4014423 11622555,4014382 11622608,4014334 11622648,4014298 11622663,4014284 # turn-right
11607096,3999691 11607095,3999702 11607094,3999707 11607092,3999710 11607089,3999714 11607086,3999716 11607080,3999719 11607071,3999721 11607060,3999721 11607033,3999721 11607008,3999722 11606999,3999722 11606994,3999722 11606990,3999722 11606982,3999721 11606978,3999720 / 11606978,3999720 11606968,3999727 11606959,3999734 11606943,3999750 11606944,3999752 11606944,3999754 11606943,3999762 11606942,3999769 11606935,3999797 11606932,3999807 11606932,3999810 11606930,3999823 11606928,3999843 # turn-right  
